![wpn_toz34_decor]
modular_attachments = true
modular_scope_group = scope_group_picatinny_short
scope_status		= 2
inv_scope_x			= 72
inv_scope_y			= -33

position			= -0.023, -0.14, 0

![wpn_toz34_sk1_hud]
aim_hud_offset_pos               = -0.000153, -0.046737, 0
aim_hud_offset_pos_16x9          = -0.000153, -0.046737, 0
aim_hud_offset_rot               = -0.003693, 0.000533, 0
aim_hud_offset_rot_16x9          = -0.003693, 0.000533, 0
attach_base_hud_offset_pos       = -0.080927, 0.122778, -0.287099
attach_base_hud_offset_pos_16x9  = -0.080927, 0.122778, -0.287099
attach_base_hud_offset_rot       = 0.034928, 0.034885, 0.001219
attach_base_hud_offset_rot_16x9  = 0.034928, 0.034885, 0.001219
attach_mount_hud_offset_pos      = -0.000696, 0.057746, 0.133191
attach_mount_hud_offset_pos_16x9 = -0.000696, 0.057746, 0.133191
hands_orientation                = 2.009813, 2.183759, 0
hands_orientation_16x9           = 2.009813, 2.183759, 0
hands_position                   = -0.147551, -0.166913, 0.01
hands_position_16x9              = -0.147551, -0.166913, 0.01