![wpn_mp9]
modular_attachments	= true
modular_scope_group	= scope_group_picatinny_short
scope_status		= 2
inv_scope_x			= 95
inv_scope_y			= 33

![wpn_mp9_hud]
aim_hud_offset_pos               = 0.000476, -0.075517, 0.185391
aim_hud_offset_pos_16x9          = 0.000476, -0.075517, 0.185391
attach_base_hud_offset_pos       = -0.068232, 0.100045, -0.225258
attach_base_hud_offset_pos_16x9  = -0.068232, 0.100045, -0.225258
attach_base_hud_offset_rot       = 0.018245, 0.012353, 0.000224
attach_base_hud_offset_rot_16x9  = 0.018245, 0.012353, 0.000224
attach_mount_hud_offset_pos      = -0.000437, 0.068491, -0.028536
attach_mount_hud_offset_pos_16x9 = -0.000437, 0.068491, -0.028536
fire_point2                      = 0, -0.029, 0.525
hands_orientation                = 1.343565, 1.844356, 0
hands_orientation_16x9           = 1.343565, 1.844356, 0

![wpn_mp9_tac]
modular_attachments	= true
modular_scope_group	= scope_group_picatinny_short
scope_status		= 2
inv_scope_x			= 95
inv_scope_y			= 33

![wpn_mp9_tac_hud]
aim_hud_offset_pos               = 0.000476, -0.075517, 0.185391
aim_hud_offset_pos_16x9          = 0.000476, -0.075517, 0.185391
attach_base_hud_offset_pos       = -0.068232, 0.100045, -0.225258
attach_base_hud_offset_pos_16x9  = -0.068232, 0.100045, -0.225258
attach_base_hud_offset_rot       = 0.018245, 0.012353, 0.000224
attach_base_hud_offset_rot_16x9  = 0.018245, 0.012353, 0.000224
attach_mount_hud_offset_pos      = -0.000437, 0.068491, -0.028536
attach_mount_hud_offset_pos_16x9 = -0.000437, 0.068491, -0.028536
fire_point2                      = 0, -0.029, 0.525
hands_orientation                = 1.343565, 1.844356, 0
hands_orientation_16x9           = 1.343565, 1.844356, 0

![wpn_mp9_n]
modular_attachments	= true
modular_scope_group	= scope_group_picatinny_short
scope_status		= 2
inv_scope_x			= 95
inv_scope_y			= 33

![wpn_mp9_n_hud]
aim_hud_offset_pos               = 0.000476, -0.075517, 0.185391
aim_hud_offset_pos_16x9          = 0.000476, -0.075517, 0.185391
attach_base_hud_offset_pos       = -0.068232, 0.100045, -0.225258
attach_base_hud_offset_pos_16x9  = -0.068232, 0.100045, -0.225258
attach_base_hud_offset_rot       = 0.018245, 0.012353, 0.000224
attach_base_hud_offset_rot_16x9  = 0.018245, 0.012353, 0.000224
attach_mount_hud_offset_pos      = -0.000437, 0.068491, -0.028536
attach_mount_hud_offset_pos_16x9 = -0.000437, 0.068491, -0.028536
fire_point2                      = 0, -0.029, 0.525
hands_orientation                = 1.343565, 1.844356, 0
hands_orientation_16x9           = 1.343565, 1.844356, 0

![wpn_mp9_j]
modular_attachments	= true
modular_scope_group	= scope_group_picatinny_short
scope_status		= 2
inv_scope_x			= 95
inv_scope_y			= 33

![wpn_mp9_j_hud]
aim_hud_offset_pos               = 0.000476, -0.075517, 0.185391
aim_hud_offset_pos_16x9          = 0.000476, -0.075517, 0.185391
attach_base_hud_offset_pos       = -0.068232, 0.100045, -0.225258
attach_base_hud_offset_pos_16x9  = -0.068232, 0.100045, -0.225258
attach_base_hud_offset_rot       = 0.018245, 0.012353, 0.000224
attach_base_hud_offset_rot_16x9  = 0.018245, 0.012353, 0.000224
attach_mount_hud_offset_pos      = -0.000437, 0.068491, -0.028536
attach_mount_hud_offset_pos_16x9 = -0.000437, 0.068491, -0.028536
fire_point2                      = 0, -0.029, 0.525
hands_orientation                = 1.343565, 1.844356, 0
hands_orientation_16x9           = 1.343565, 1.844356, 0