![wpn_mk48]
inv_weight			= 8.2
visual				= dynamics\weapons\wpn_mk48\wpn_m249.ogf

modular_attachments	= true
modular_scope_group	= scope_group_picatinny_long
scope_status		= 2
inv_scope_x			= 95
inv_scope_y			= 35
!scope_texture
!scope_zoom_factor

![wpn_mk48_hud]
item_visual						= dynamics\weapons\wpn_mk48\wpn_m249_hud.ogf
aim_hud_offset_pos				= -0.002885, -0.155804, 0.216533
aim_hud_offset_pos_16x9			= -0.002885, -0.155804, 0.216533
attach_base_hud_offset_pos		= -0.071765, 0.196576, -0.358549
attach_base_hud_offset_pos_16x9	= -0.071765, 0.196576, -0.358549
attach_base_hud_offset_rot		= 0.032226, 0.016709, -0.004326
attach_base_hud_offset_rot_16x9	= 0.032226, 0.016709, -0.004326
attach_mount_hud_offset_pos		= 0.001808, 0.147275, -0.015134
attach_mount_hud_offset_pos_16x9= 0.001808, 0.147275, -0.015134
hands_orientation				= 1.883623, 3.810217, 0.15
hands_orientation_16x9			= 1.883623, 3.810217, 0.15
hands_position					= -0.080054, -0.200071, 0.06
hands_position_16x9				= -0.080054, -0.200071, 0.06