![wpn_scar_l]
modular_attachments	= true
modular_scope_group	= scope_group_picatinny_long
scope_status		= 2
inv_scope_x			= 103
inv_scope_y			= 29

![wpn_scar_l_hud]
aim_hud_offset_pos				= -0.002986, -0.134956, 0.128137
aim_hud_offset_pos_16x9			= -0.002986, -0.134956, 0.128137
aim_hud_offset_rot				= 0, -0.000481, 0
aim_hud_offset_rot_16x9			= 0, -0.000481, 0
attach_base_hud_offset_pos		= -0.078085, 0.170031, -0.432956
attach_base_hud_offset_pos_16x9	= -0.078085, 0.170031, -0.432956
attach_base_hud_offset_rot		= 0.039903, 0.008856, -0.004505
attach_base_hud_offset_rot_16x9	= 0.039903, 0.008856, -0.004505
attach_mount_hud_offset_pos		= 0.002288, 0.099628, -0.03228
attach_mount_hud_offset_pos_16x9= 0.002288, 0.099628, -0.03228
hands_orientation				= 0.561078, 2.957683, 0.15
hands_orientation_16x9			= 0.561078, 2.957683, 0.15
hands_position					= -0.073202, -0.171923, 0.1355
hands_position_16x9				= -0.073202, -0.171923, 0.1355