![wpn_saiga_bp]
modular_attachments	= true
modular_scope_group	= scope_group_picatinny_short
scope_status		= 2
inv_scope_x			= 97
inv_scope_y			= 26

![wpn_saiga_bp_hud]
aim_hud_offset_pos				= -0.000641, -0.086967, 0.302366
aim_hud_offset_pos_16x9			= -0.000641, -0.086967, 0.302366
aim_hud_offset_rot				= 0.05, 0, 0
aim_hud_offset_rot_16x9			= 0.05, 0, 0
attach_base_hud_offset_pos		= -0.11827, 0.158262, -0.520682
attach_base_hud_offset_pos_16x9	= -0.11827, 0.158262, -0.520682
attach_base_hud_offset_rot		= 0.05236, 0, 0
attach_base_hud_offset_rot_16x9	= 0.05236, 0, 0
attach_mount_hud_offset_pos		= 0.001067, 0.087047, -0.071737
attach_mount_hud_offset_pos_16x9= 0.001067, 0.087047, -0.071737
hands_orientation				= 0.016639, -0.58823, 0
hands_orientation_16x9			= 0.016639, -0.58823, 0
hands_position					= 0, -0.190142, 0
hands_position_16x9				= 0, -0.190142, 0
shell_point						= 0, 0, -0.15
item_orientation				= 0, 3, 0