![wpn_mp9]
modular_attachments	= true
modular_scope_group	= scope_group_picatinny_short
scope_status		= 2
inv_scope_x			= 107
inv_scope_y			= 30

![wpn_mp9_hud]
aim_hud_offset_pos				= 0.000963, -0.083911, 0.253733
aim_hud_offset_pos_16x9			= 0.000963, -0.083911, 0.253733
attach_base_hud_offset_pos		= -0.110334, 0.173233, -0.462723
attach_base_hud_offset_pos_16x9	= -0.110334, 0.173233, -0.462723
attach_mount_hud_offset_pos		= -0.000642, 0.077158, -0.019125
attach_mount_hud_offset_pos_16x9= -0.000642, 0.077158, -0.019125
fire_point2						= 0, -0.029, 0.525