![wpn_hk51]
inv_weight			= 3.55
cost				= 39910
visual				= dynamics\weapons\wpn_hk51\wpn_hk51.ogf

modular_attachments	= true
modular_scope_group	= scope_group_picatinny_medium
scope_status		= 2
inv_scope_x			= 92
inv_scope_y			= 35
!scope_texture
!scope_zoom_factor

![wpn_hk51_hud]
item_visual						= dynamics\weapons\wpn_hk51\wpn_hk51_hud.ogf
aim_hud_offset_pos				= -0.000155, -0.1398, 0.087821
aim_hud_offset_pos_16x9			= -0.000155, -0.1398, 0.087821
attach_base_hud_offset_pos		= -0.069064, 0.177211, -0.420583
attach_base_hud_offset_pos_16x9	= -0.069064, 0.177211, -0.420583
attach_base_hud_offset_rot		= -0.001888, -0.003505, -0.007501
attach_base_hud_offset_rot_16x9	= -0.001888, -0.003505, -0.007501
attach_mount_hud_offset_pos		= -0.001546, 0.134692, 0.033922
attach_mount_hud_offset_pos_16x9= -0.001546, 0.134692, 0.033922
hands_orientation				= -0.358391, 0.042668, 0
hands_orientation_16x9			= -0.358391, 0.042668, 0
hands_position					= -0.083709, -0.18142, 0.11
hands_position_16x9				= -0.083709, -0.18142, 0.11