![wpn_avt40_short]
modular_attachments	= true
modular_scope_group	= scope_group_pu
scope_status		= 2
inv_scope_x			= 83
inv_scope_y			= 12

![wpn_avt40_short_hud]
aim_hud_offset_pos               = -5.2e-05, -0.084973, 0.161989
aim_hud_offset_pos_16x9          = -5.2e-05, -0.084973, 0.161989
attach_mount_hud_offset_pos      = -0.020486, 0.038474, 0.042866
attach_mount_hud_offset_pos_16x9 = -0.020486, 0.038474, 0.042866

![wpn_mosin_short]
modular_attachments	= true
modular_scope_group	= scope_group_pu
scope_status		= 2
inv_scope_x			= 106
inv_scope_y			= 11

![wpn_mosin_short_hud]
aim_hud_offset_pos               = -0.00011, -0.085273, 0.098703
aim_hud_offset_pos_16x9          = -0.00011, -0.085273, 0.098703
attach_base_hud_offset_pos       = -0.10635, 0.203247, -0.351578
attach_base_hud_offset_pos_16x9  = -0.10635, 0.203247, -0.351578
attach_base_hud_offset_rot       = 0.074265, 0.048735, 0.003686
attach_base_hud_offset_rot_16x9  = 0.074265, 0.048735, 0.003686
attach_mount_hud_offset_pos      = -0.011249, 0.062086, 0.26375
attach_mount_hud_offset_pos_16x9 = -0.011249, 0.062086, 0.26375
hands_orientation                = 2.799999, 4.249998, 0
hands_orientation_16x9           = 2.799999, 4.249998, 0
hands_position                   = -0.0515, -0.20349, 0.077
hands_position_16x9              = -0.0515, -0.20349, 0.077

![wpn_sks_short]
modular_attachments	= true
modular_scope_group	= scope_group_pu
scope_status		= 2
inv_scope_x			= 96
inv_scope_y			= 8

![wpn_sks_short_hud]
aim_hud_offset_pos               = -5.2e-05, -0.073319, 0.174505
aim_hud_offset_pos_16x9          = -5.2e-05, -0.073319, 0.174505
attach_base_hud_offset_pos       = -0.131999, 0.154022, -0.415079
attach_base_hud_offset_pos_16x9  = -0.131999, 0.154022, -0.415079
attach_base_hud_offset_rot       = 0.034928, 0.034885, 0.001219
attach_base_hud_offset_rot_16x9  = 0.034928, 0.034885, 0.001219
attach_mount_hud_offset_pos      = -0.01494, 0.03663, 0.049567
attach_mount_hud_offset_pos_16x9 = -0.01494, 0.03663, 0.049567

![wpn_svt40_short]
modular_attachments	= true
modular_scope_group	= scope_group_pu
scope_status		= 2
inv_scope_x			= 83
inv_scope_y			= 12

![wpn_svt40_short_hud]
aim_hud_offset_pos               = 0.000159, -0.083768, 0.125511
aim_hud_offset_pos_16x9          = 0.000159, -0.083768, 0.125511
attach_base_hud_offset_pos       = -0.092226, 0.139411, -0.247545
attach_base_hud_offset_pos_16x9  = -0.092226, 0.139411, -0.247545
attach_base_hud_offset_rot       = 0.046937, 0.052432, 0.01742
attach_base_hud_offset_rot_16x9  = 0.046937, 0.052432, 0.01742
attach_mount_hud_offset_pos      = -0.020374, 0.03918, 0.03733
attach_mount_hud_offset_pos_16x9 = -0.020374, 0.03918, 0.03733
fire_point                       = 0, 0, -0.4

![wpn_vepr134]
modular_attachments	= true
modular_scope_group	= scope_group_picatinny
scope_status		= 2
inv_scope_x			= 86
inv_scope_y			= 31
!scope_texture

![wpn_vepr134_hud]
aim_hud_offset_pos               = -0.001115, -0.106238, 0.148407
aim_hud_offset_pos_16x9          = -0.001115, -0.106238, 0.148407
attach_base_hud_offset_pos       = -0.087756, 0.131307, -0.484719
attach_base_hud_offset_pos_16x9  = -0.087756, 0.131307, -0.484719
attach_base_hud_offset_rot       = 0.018755, -3.4e-05, -0.006573
attach_base_hud_offset_rot_16x9  = 0.018755, -3.4e-05, -0.006573
attach_mount_hud_offset_pos      = 0.000528, 0.103555, 0.00634
attach_mount_hud_offset_pos_16x9 = 0.000528, 0.103555, 0.00634
fire_point2                      = 0, -0.011, 0.553
item_position                    = -0, -0.004, -0
shell_point                      = 0, 0.064, 0.19

;holy shit what's even with this
; ![wpn_w500]
; modular_attachments	= true
; modular_scope_group	= scope_group_picatinny
; scope_status		= 2
; inv_scope_x			= 83
; inv_scope_y			= 12